284037:5451,1:1,10/26/16 14:48:03,STABLE BEAMS,6500,216702.076,208410.242,30.0,PXL
284037:5451,1:1,10/26/16 14:48:03,STABLE BEAMS,6500,200418.961,192750.180,27.7,PXL
284037:5451,2:2,10/26/16 14:48:27,STABLE BEAMS,6500,216588.210,212401.452,29.9,PXL
284037:5451,2:2,10/26/16 14:48:27,STABLE BEAMS,6500,200305.729,196433.720,27.7,PXL
284037:5451,3:3,10/26/16 14:48:50,STABLE BEAMS,6500,216408.275,211978.768,29.9,PXL
284037:5451,3:3,10/26/16 14:48:50,STABLE BEAMS,6500,200138.868,196042.369,27.7,PXL
284037:5451,4:4,10/26/16 14:49:13,STABLE BEAMS,6500,216428.575,206003.051,29.9,PXL
284037:5451,4:4,10/26/16 14:49:13,STABLE BEAMS,6500,200179.794,190536.986,27.7,PXL
284037:5451,5:5,10/26/16 14:49:37,STABLE BEAMS,6500,216105.097,211926.244,29.9,PXL
284037:5451,5:5,10/26/16 14:49:37,STABLE BEAMS,6500,199858.993,195994.293,27.6,PXL
284037:5451,6:6,10/26/16 14:50:00,STABLE BEAMS,6500,216187.259,211990.069,29.9,PXL
284037:5451,6:6,10/26/16 14:50:00,STABLE BEAMS,6500,199944.079,196062.245,27.6,PXL
284037:5451,7:7,10/26/16 14:50:23,STABLE BEAMS,6500,216165.813,209744.847,29.9,PXL
284037:5451,7:7,10/26/16 14:50:23,STABLE BEAMS,6500,199915.222,193976.961,27.6,PXL
284037:5451,8:8,10/26/16 14:50:47,STABLE BEAMS,6500,215957.423,210093.922,29.9,PXL
284037:5451,8:8,10/26/16 14:50:47,STABLE BEAMS,6500,199722.057,194299.366,27.6,PXL
284037:5451,9:9,10/26/16 14:51:10,STABLE BEAMS,6500,215419.102,209506.309,29.8,PXL
284037:5451,9:9,10/26/16 14:51:10,STABLE BEAMS,6500,199224.631,193756.341,27.5,PXL
284037:5451,10:10,10/26/16 14:51:33,STABLE BEAMS,6500,216042.957,210119.235,29.9,PXL
284037:5451,10:10,10/26/16 14:51:33,STABLE BEAMS,6500,199813.564,194334.839,27.6,PXL
284037:5451,11:11,10/26/16 14:51:56,STABLE BEAMS,6500,216101.724,206871.272,29.9,PXL
284037:5451,11:11,10/26/16 14:51:56,STABLE BEAMS,6500,199852.107,191315.732,27.6,PXL
284037:5451,12:12,10/26/16 14:52:20,STABLE BEAMS,6500,216366.157,209858.408,29.9,PXL
284037:5451,12:12,10/26/16 14:52:20,STABLE BEAMS,6500,200098.577,194080.115,27.7,PXL
284037:5451,13:13,10/26/16 14:52:43,STABLE BEAMS,6500,215368.195,209234.365,29.8,PXL
284037:5451,13:13,10/26/16 14:52:43,STABLE BEAMS,6500,199182.606,193509.752,27.5,PXL
284037:5451,14:14,10/26/16 14:53:06,STABLE BEAMS,6500,215970.884,209493.642,29.9,PXL
284037:5451,14:14,10/26/16 14:53:06,STABLE BEAMS,6500,199719.937,193730.081,27.6,PXL
284037:5451,15:15,10/26/16 14:53:30,STABLE BEAMS,6500,215534.654,209456.983,29.8,PXL
284037:5451,15:15,10/26/16 14:53:30,STABLE BEAMS,6500,199336.361,193715.451,27.6,PXL
284037:5451,16:16,10/26/16 14:53:53,STABLE BEAMS,6500,215599.393,210364.938,29.8,PXL
284037:5451,16:16,10/26/16 14:53:53,STABLE BEAMS,6500,199377.458,194536.849,27.6,PXL
284037:5451,17:17,10/26/16 14:54:16,STABLE BEAMS,6500,215417.353,210102.073,29.8,PXL
284037:5451,17:17,10/26/16 14:54:16,STABLE BEAMS,6500,199225.064,194309.318,27.5,PXL
284037:5451,18:18,10/26/16 14:54:40,STABLE BEAMS,6500,215264.201,209922.397,29.8,PXL
284037:5451,18:18,10/26/16 14:54:40,STABLE BEAMS,6500,199084.755,194144.446,27.5,PXL
284037:5451,19:19,10/26/16 14:55:03,STABLE BEAMS,6500,215101.039,210050.721,29.7,PXL
284037:5451,19:19,10/26/16 14:55:03,STABLE BEAMS,6500,198933.615,194262.889,27.5,PXL
284037:5451,20:20,10/26/16 14:55:26,STABLE BEAMS,6500,214908.508,209897.744,29.7,PXL
284037:5451,20:20,10/26/16 14:55:26,STABLE BEAMS,6500,198755.443,194121.301,27.5,PXL
284037:5451,21:21,10/26/16 14:55:50,STABLE BEAMS,6500,214709.789,209440.301,29.7,PXL
284037:5451,21:21,10/26/16 14:55:50,STABLE BEAMS,6500,198571.206,193697.797,27.5,PXL
284037:5451,22:22,10/26/16 14:56:13,STABLE BEAMS,6500,215361.619,209278.060,29.8,PXL
284037:5451,22:22,10/26/16 14:56:13,STABLE BEAMS,6500,199181.848,193555.337,27.5,PXL
284037:5451,23:23,10/26/16 14:56:36,STABLE BEAMS,6500,215172.957,209891.019,29.8,PXL
284037:5451,23:23,10/26/16 14:56:36,STABLE BEAMS,6500,198996.528,194111.679,27.5,PXL
284037:5451,24:24,10/26/16 14:57:00,STABLE BEAMS,6500,214998.143,209766.921,29.7,PXL
284037:5451,24:24,10/26/16 14:57:00,STABLE BEAMS,6500,198834.356,193996.422,27.5,PXL
284037:5451,25:25,10/26/16 14:57:23,STABLE BEAMS,6500,214819.740,209026.199,29.7,PXL
284037:5451,25:25,10/26/16 14:57:23,STABLE BEAMS,6500,198660.625,193302.884,27.5,PXL
284037:5451,26:26,10/26/16 14:57:46,STABLE BEAMS,6500,214720.836,208941.604,29.7,PXL
284037:5451,26:26,10/26/16 14:57:46,STABLE BEAMS,6500,198571.810,193227.230,27.5,PXL
284037:5451,27:27,10/26/16 14:58:09,STABLE BEAMS,6500,214528.863,208792.913,29.7,PXL
284037:5451,27:27,10/26/16 14:58:09,STABLE BEAMS,6500,198395.866,193091.271,27.4,PXL
284037:5451,28:28,10/26/16 14:58:33,STABLE BEAMS,6500,214797.923,182790.314,29.7,PXL
284037:5451,28:28,10/26/16 14:58:33,STABLE BEAMS,6500,198630.545,169032.080,27.5,PXL
284037:5451,29:29,10/26/16 14:58:56,STABLE BEAMS,6500,214667.687,208431.619,29.7,PXL
284037:5451,29:29,10/26/16 14:58:56,STABLE BEAMS,6500,198534.040,192766.653,27.5,PXL
284037:5451,30:30,10/26/16 14:59:19,STABLE BEAMS,6500,214673.551,208742.992,29.7,PXL
284037:5451,30:30,10/26/16 14:59:19,STABLE BEAMS,6500,198538.914,193054.090,27.5,PXL
284037:5451,31:31,10/26/16 14:59:43,STABLE BEAMS,6500,214501.429,208243.966,29.7,PXL
284037:5451,31:31,10/26/16 14:59:43,STABLE BEAMS,6500,198371.218,192584.307,27.4,PXL
284037:5451,32:32,10/26/16 15:00:06,STABLE BEAMS,6500,213782.616,208096.069,29.6,PXL
284037:5451,32:32,10/26/16 15:00:06,STABLE BEAMS,6500,197708.556,192449.574,27.3,PXL
284037:5451,33:33,10/26/16 15:00:29,STABLE BEAMS,6500,213834.636,208223.477,29.6,PXL
284037:5451,33:33,10/26/16 15:00:29,STABLE BEAMS,6500,197751.401,192562.276,27.3,PXL
284037:5451,34:34,10/26/16 15:00:53,STABLE BEAMS,6500,214364.710,208751.030,29.6,PXL
284037:5451,34:34,10/26/16 15:00:53,STABLE BEAMS,6500,198233.570,193042.325,27.4,PXL
284037:5451,35:35,10/26/16 15:01:16,STABLE BEAMS,6500,213788.480,207923.871,29.6,PXL
284037:5451,35:35,10/26/16 15:01:16,STABLE BEAMS,6500,197714.374,192290.707,27.3,PXL
284037:5451,36:36,10/26/16 15:01:39,STABLE BEAMS,6500,213951.720,208125.751,29.6,PXL
284037:5451,36:36,10/26/16 15:01:39,STABLE BEAMS,6500,197860.067,192472.278,27.4,PXL
284037:5451,37:37,10/26/16 15:02:03,STABLE BEAMS,6500,214545.249,208695.287,29.7,PXL
284037:5451,37:37,10/26/16 15:02:03,STABLE BEAMS,6500,198432.955,193022.324,27.4,PXL
284037:5451,38:38,10/26/16 15:02:26,STABLE BEAMS,6500,214125.497,208574.855,29.6,PXL
284037:5451,38:38,10/26/16 15:02:26,STABLE BEAMS,6500,198023.339,192890.102,27.4,PXL
284037:5451,39:39,10/26/16 15:02:49,STABLE BEAMS,6500,213518.136,207729.108,29.5,PXL
284037:5451,39:39,10/26/16 15:02:49,STABLE BEAMS,6500,197469.792,192115.877,27.3,PXL
284037:5451,40:40,10/26/16 15:03:12,STABLE BEAMS,6500,213121.486,207675.207,29.5,PXL
284037:5451,40:40,10/26/16 15:03:12,STABLE BEAMS,6500,197091.880,192055.235,27.3,PXL
284037:5451,41:41,10/26/16 15:03:36,STABLE BEAMS,6500,212798.440,207391.647,29.4,PXL
284037:5451,41:41,10/26/16 15:03:36,STABLE BEAMS,6500,196811.664,191811.063,27.2,PXL
284037:5451,42:42,10/26/16 15:03:59,STABLE BEAMS,6500,212833.084,207178.384,29.4,PXL
284037:5451,42:42,10/26/16 15:03:59,STABLE BEAMS,6500,196826.734,191597.302,27.2,PXL
284037:5451,43:43,10/26/16 15:04:22,STABLE BEAMS,6500,212378.797,181819.471,29.4,PXL
284037:5451,43:43,10/26/16 15:04:22,STABLE BEAMS,6500,196427.779,168163.655,27.2,PXL
284037:5451,44:44,10/26/16 15:04:46,STABLE BEAMS,6500,213106.895,207512.505,29.5,PXL
284037:5451,44:44,10/26/16 15:04:46,STABLE BEAMS,6500,197086.371,191912.545,27.3,PXL
284037:5451,45:45,10/26/16 15:05:09,STABLE BEAMS,6500,212706.747,207404.391,29.4,PXL
284037:5451,45:45,10/26/16 15:05:09,STABLE BEAMS,6500,196722.802,191818.894,27.2,PXL
284037:5451,46:46,10/26/16 15:05:32,STABLE BEAMS,6500,211937.136,165822.027,29.3,PXL
284037:5451,46:46,10/26/16 15:05:32,STABLE BEAMS,6500,195999.966,153352.604,27.1,PXL
284037:5451,47:47,10/26/16 15:05:56,STABLE BEAMS,6500,212672.676,207037.084,29.4,PXL
284037:5451,47:47,10/26/16 15:05:56,STABLE BEAMS,6500,196691.748,191479.633,27.2,PXL
284037:5451,48:48,10/26/16 15:06:19,STABLE BEAMS,6500,212365.398,206678.230,29.4,PXL
284037:5451,48:48,10/26/16 15:06:19,STABLE BEAMS,6500,196391.108,191131.733,27.2,PXL
284037:5451,49:49,10/26/16 15:06:42,STABLE BEAMS,6500,212614.033,207241.971,29.4,PXL
284037:5451,49:49,10/26/16 15:06:42,STABLE BEAMS,6500,196634.034,191665.734,27.2,PXL
284037:5451,50:50,10/26/16 15:07:06,STABLE BEAMS,6500,212426.191,206829.782,29.4,PXL
284037:5451,50:50,10/26/16 15:07:06,STABLE BEAMS,6500,196442.648,191267.328,27.2,PXL
284037:5451,51:51,10/26/16 15:07:29,STABLE BEAMS,6500,212274.973,206644.842,29.4,PXL
284037:5451,51:51,10/26/16 15:07:29,STABLE BEAMS,6500,196314.950,191108.123,27.1,PXL
284037:5451,52:52,10/26/16 15:07:52,STABLE BEAMS,6500,211946.265,206387.655,29.3,PXL
284037:5451,52:52,10/26/16 15:07:52,STABLE BEAMS,6500,196010.240,190869.576,27.1,PXL
284037:5451,53:53,10/26/16 15:08:15,STABLE BEAMS,6500,211755.746,206210.539,29.3,PXL
284037:5451,53:53,10/26/16 15:08:15,STABLE BEAMS,6500,195842.621,190714.128,27.1,PXL
284037:5451,54:54,10/26/16 15:08:39,STABLE BEAMS,6500,211422.241,205616.753,29.2,PXL
284037:5451,54:54,10/26/16 15:08:39,STABLE BEAMS,6500,195554.870,190185.087,27.0,PXL
284037:5451,55:55,10/26/16 15:09:02,STABLE BEAMS,6500,211442.882,206095.242,29.2,PXL
284037:5451,55:55,10/26/16 15:09:02,STABLE BEAMS,6500,195560.749,190614.787,27.0,PXL
284037:5451,56:56,10/26/16 15:09:25,STABLE BEAMS,6500,211352.984,205568.240,29.2,PXL
284037:5451,56:56,10/26/16 15:09:25,STABLE BEAMS,6500,195463.300,190113.458,27.0,PXL
284037:5451,57:57,10/26/16 15:09:49,STABLE BEAMS,6500,211474.865,205895.709,29.2,PXL
284037:5451,57:57,10/26/16 15:09:49,STABLE BEAMS,6500,195593.057,190432.897,27.0,PXL
284037:5451,58:58,10/26/16 15:10:12,STABLE BEAMS,6500,211637.053,206401.493,29.3,PXL
284037:5451,58:58,10/26/16 15:10:12,STABLE BEAMS,6500,195719.874,190878.079,27.1,PXL
284037:5451,59:59,10/26/16 15:10:35,STABLE BEAMS,6500,211787.435,206917.484,29.3,PXL
284037:5451,59:59,10/26/16 15:10:35,STABLE BEAMS,6500,195869.761,191365.829,27.1,PXL
284037:5451,60:60,10/26/16 15:10:59,STABLE BEAMS,6500,211576.352,206699.587,29.3,PXL
284037:5451,60:60,10/26/16 15:10:59,STABLE BEAMS,6500,195673.733,191163.518,27.1,PXL
284037:5451,61:61,10/26/16 15:11:22,STABLE BEAMS,6500,212292.566,207711.398,29.4,PXL
284037:5451,61:61,10/26/16 15:11:22,STABLE BEAMS,6500,196357.330,192120.037,27.2,PXL
284037:5451,62:62,10/26/16 15:11:45,STABLE BEAMS,6500,211455.926,206584.006,29.2,PXL
284037:5451,62:62,10/26/16 15:11:45,STABLE BEAMS,6500,195564.416,191058.636,27.0,PXL
284037:5451,63:63,10/26/16 15:12:09,STABLE BEAMS,6500,211179.501,206622.380,29.2,PXL
284037:5451,63:63,10/26/16 15:12:09,STABLE BEAMS,6500,195304.532,191089.983,27.0,PXL
284037:5451,64:64,10/26/16 15:12:32,STABLE BEAMS,6500,211032.244,206501.056,29.2,PXL
284037:5451,64:64,10/26/16 15:12:32,STABLE BEAMS,6500,195153.856,190963.601,27.0,PXL
284037:5451,65:65,10/26/16 15:12:55,STABLE BEAMS,6500,210594.111,206048.860,29.1,PXL
284037:5451,65:65,10/26/16 15:12:55,STABLE BEAMS,6500,194757.051,190553.611,26.9,PXL
284037:5451,66:66,10/26/16 15:13:19,STABLE BEAMS,6500,210882.063,205817.557,29.2,PXL
284037:5451,66:66,10/26/16 15:13:19,STABLE BEAMS,6500,195031.109,190347.276,27.0,PXL
284037:5451,67:67,10/26/16 15:13:42,STABLE BEAMS,6500,211012.083,206224.332,29.2,PXL
284037:5451,67:67,10/26/16 15:13:42,STABLE BEAMS,6500,195155.187,190727.220,27.0,PXL
284037:5451,68:68,10/26/16 15:14:05,STABLE BEAMS,6500,211265.159,205926.672,29.2,PXL
284037:5451,68:68,10/26/16 15:14:05,STABLE BEAMS,6500,195402.693,190465.037,27.0,PXL
284037:5451,69:69,10/26/16 15:14:29,STABLE BEAMS,6500,210788.823,205650.150,29.1,PXL
284037:5451,69:69,10/26/16 15:14:29,STABLE BEAMS,6500,194937.296,190185.056,27.0,PXL
284037:5451,70:70,10/26/16 15:14:52,STABLE BEAMS,6500,210805.642,205334.383,29.1,PXL
284037:5451,70:70,10/26/16 15:14:52,STABLE BEAMS,6500,194967.159,189906.972,27.0,PXL
284037:5451,71:71,10/26/16 15:15:15,STABLE BEAMS,6500,210709.632,205022.746,29.1,PXL
284037:5451,71:71,10/26/16 15:15:15,STABLE BEAMS,6500,194855.707,189596.706,26.9,PXL
284037:5451,72:72,10/26/16 15:15:38,STABLE BEAMS,6500,211020.856,205838.900,29.2,PXL
284037:5451,72:72,10/26/16 15:15:38,STABLE BEAMS,6500,195176.601,190383.726,27.0,PXL
284037:5451,73:73,10/26/16 15:16:02,STABLE BEAMS,6500,209980.777,204557.437,29.0,PXL
284037:5451,73:73,10/26/16 15:16:02,STABLE BEAMS,6500,194192.751,189177.181,26.9,PXL
284037:5451,74:74,10/26/16 15:16:25,STABLE BEAMS,6500,211099.676,205867.408,29.2,PXL
284037:5451,74:74,10/26/16 15:16:25,STABLE BEAMS,6500,195228.034,190389.157,27.0,PXL
284037:5451,75:75,10/26/16 15:16:48,STABLE BEAMS,6500,210196.501,204579.519,29.1,PXL
284037:5451,75:75,10/26/16 15:16:48,STABLE BEAMS,6500,194396.809,189202.034,26.9,PXL
284037:5451,76:76,10/26/16 15:17:12,STABLE BEAMS,6500,210507.044,205476.760,29.1,PXL
284037:5451,76:76,10/26/16 15:17:12,STABLE BEAMS,6500,194686.773,190034.530,26.9,PXL
284037:5451,77:77,10/26/16 15:17:35,STABLE BEAMS,6500,210473.097,205435.432,29.1,PXL
284037:5451,77:77,10/26/16 15:17:35,STABLE BEAMS,6500,194657.529,189998.409,26.9,PXL
284037:5451,78:78,10/26/16 15:17:58,STABLE BEAMS,6500,194789.838,181835.926,26.9,PXL
284037:5451,78:78,10/26/16 15:17:58,STABLE BEAMS,6500,210634.047,196626.463,29.1,PXL
284037:5451,79:79,10/26/16 15:18:22,STABLE BEAMS,6500,194563.468,189895.893,26.9,PXL
284037:5451,79:79,10/26/16 15:18:22,STABLE BEAMS,6500,210362.728,205316.128,29.1,PXL
284037:5451,80:80,10/26/16 15:18:45,STABLE BEAMS,6500,209569.118,204567.835,29.0,PXL
284037:5451,80:80,10/26/16 15:18:45,STABLE BEAMS,6500,193809.794,189184.601,26.8,PXL
284037:5451,81:81,10/26/16 15:19:08,STABLE BEAMS,6500,209990.092,204979.736,29.0,PXL
284037:5451,81:81,10/26/16 15:19:08,STABLE BEAMS,6500,194201.725,189568.080,26.9,PXL
284037:5451,82:82,10/26/16 15:19:32,STABLE BEAMS,6500,194598.608,189761.771,26.9,PXL
284037:5451,82:82,10/26/16 15:19:32,STABLE BEAMS,6500,210409.456,205179.634,29.1,PXL
284037:5451,83:83,10/26/16 15:19:55,STABLE BEAMS,6500,193930.035,189350.902,26.8,PXL
284037:5451,83:83,10/26/16 15:19:55,STABLE BEAMS,6500,209705.868,204754.231,29.0,PXL
284037:5451,84:84,10/26/16 15:20:18,STABLE BEAMS,6500,194306.771,186954.864,26.9,PXL
284037:5451,84:84,10/26/16 15:20:18,STABLE BEAMS,6500,210102.750,202153.178,29.1,PXL
284037:5451,85:85,10/26/16 15:20:41,STABLE BEAMS,6500,209514.808,204421.324,29.0,PXL
284037:5451,85:85,10/26/16 15:20:41,STABLE BEAMS,6500,193760.776,189050.286,26.8,PXL
284037:5451,86:86,10/26/16 15:21:05,STABLE BEAMS,6500,209588.211,204360.266,29.0,PXL
284037:5451,86:86,10/26/16 15:21:05,STABLE BEAMS,6500,193829.089,188994.238,26.8,PXL
284037:5451,87:87,10/26/16 15:21:28,STABLE BEAMS,6500,193677.732,189348.255,26.8,PXL
284037:5451,87:87,10/26/16 15:21:28,STABLE BEAMS,6500,209420.036,204738.654,29.0,PXL
284037:5451,88:88,10/26/16 15:21:51,STABLE BEAMS,6500,209575.864,205132.849,29.0,PXL
284037:5451,88:88,10/26/16 15:21:51,STABLE BEAMS,6500,193829.228,189720.042,26.8,PXL
284037:5451,89:89,10/26/16 15:22:15,STABLE BEAMS,6500,209443.230,204749.411,29.0,PXL
284037:5451,89:89,10/26/16 15:22:15,STABLE BEAMS,6500,193692.787,189351.951,26.8,PXL
284037:5451,90:90,10/26/16 15:22:38,STABLE BEAMS,6500,209306.294,203248.641,28.9,PXL
284037:5451,90:90,10/26/16 15:22:38,STABLE BEAMS,6500,193565.785,187963.687,26.8,PXL
284037:5451,91:91,10/26/16 15:23:01,STABLE BEAMS,6500,208832.418,203182.226,28.9,PXL
284037:5451,91:91,10/26/16 15:23:01,STABLE BEAMS,6500,193131.737,187906.345,26.7,PXL
284037:5451,92:92,10/26/16 15:23:25,STABLE BEAMS,6500,209300.522,204881.067,28.9,PXL
284037:5451,92:92,10/26/16 15:23:25,STABLE BEAMS,6500,193556.950,189469.926,26.8,PXL
284037:5451,93:93,10/26/16 15:23:48,STABLE BEAMS,6500,209149.382,204237.469,28.9,PXL
284037:5451,93:93,10/26/16 15:23:48,STABLE BEAMS,6500,193418.095,188875.634,26.7,PXL
284037:5451,94:94,10/26/16 15:24:11,STABLE BEAMS,6500,193066.905,188561.466,26.7,PXL
284037:5451,94:94,10/26/16 15:24:11,STABLE BEAMS,6500,208752.376,203880.898,28.9,PXL
284037:5451,95:95,10/26/16 15:24:35,STABLE BEAMS,6500,208896.692,204523.274,28.9,PXL
284037:5451,95:95,10/26/16 15:24:35,STABLE BEAMS,6500,193191.571,189146.951,26.7,PXL
284037:5451,96:96,10/26/16 15:24:58,STABLE BEAMS,6500,193589.969,189049.378,26.8,PXL
284037:5451,96:96,10/26/16 15:24:58,STABLE BEAMS,6500,209344.651,204434.538,28.9,PXL
284037:5451,97:97,10/26/16 15:25:21,STABLE BEAMS,6500,209003.843,204112.632,28.9,PXL
284037:5451,97:97,10/26/16 15:25:21,STABLE BEAMS,6500,193281.221,188757.959,26.7,PXL
284037:5451,98:98,10/26/16 15:25:44,STABLE BEAMS,6500,193083.647,189053.749,26.7,PXL
284037:5451,98:98,10/26/16 15:25:44,STABLE BEAMS,6500,208786.927,204429.282,28.9,PXL
284037:5451,99:99,10/26/16 15:26:08,STABLE BEAMS,6500,208729.538,204378.549,28.9,PXL
284037:5451,99:99,10/26/16 15:26:08,STABLE BEAMS,6500,193043.494,189019.483,26.7,PXL
284037:5451,100:100,10/26/16 15:26:31,STABLE BEAMS,6500,193303.595,189282.165,26.7,PXL
284037:5451,100:100,10/26/16 15:26:31,STABLE BEAMS,6500,209022.163,204673.728,28.9,PXL
284037:5451,101:101,10/26/16 15:26:54,STABLE BEAMS,6500,192950.223,188941.553,26.7,PXL
284037:5451,101:101,10/26/16 15:26:54,STABLE BEAMS,6500,208640.769,204306.118,28.9,PXL
284037:5451,102:102,10/26/16 15:27:18,STABLE BEAMS,6500,208634.889,204303.764,28.8,PXL
284037:5451,102:102,10/26/16 15:27:18,STABLE BEAMS,6500,192961.951,188956.186,26.7,PXL
284037:5451,103:103,10/26/16 15:27:41,STABLE BEAMS,6500,208508.661,204182.589,28.8,PXL
284037:5451,103:103,10/26/16 15:27:41,STABLE BEAMS,6500,192810.115,188809.752,26.7,PXL
284037:5451,104:104,10/26/16 15:28:04,STABLE BEAMS,6500,193381.858,189116.378,26.7,PXL
284037:5451,104:104,10/26/16 15:28:04,STABLE BEAMS,6500,209099.977,204487.798,28.9,PXL
284037:5451,105:105,10/26/16 15:28:28,STABLE BEAMS,6500,208273.796,203946.892,28.8,PXL
284037:5451,105:105,10/26/16 15:28:28,STABLE BEAMS,6500,192622.752,188621.000,26.6,PXL
284037:5451,106:106,10/26/16 15:28:51,STABLE BEAMS,6500,208105.496,203787.850,28.8,PXL
284037:5451,106:106,10/26/16 15:28:51,STABLE BEAMS,6500,192470.684,188477.419,26.6,PXL
284037:5451,107:107,10/26/16 15:29:14,STABLE BEAMS,6500,207988.428,203426.940,28.8,PXL
284037:5451,107:107,10/26/16 15:29:14,STABLE BEAMS,6500,192359.015,188140.303,26.6,PXL
284037:5451,108:108,10/26/16 15:29:38,STABLE BEAMS,6500,184042.481,158184.308,25.4,PXL
284037:5451,108:108,10/26/16 15:29:38,STABLE BEAMS,6500,198980.065,171023.144,27.5,PXL
284037:5451,109:109,10/26/16 15:30:01,STABLE BEAMS,6500,204519.970,200511.083,28.3,PXL
284037:5451,109:109,10/26/16 15:30:01,STABLE BEAMS,6500,189112.100,185405.229,26.1,PXL
284037:5451,110:110,10/26/16 15:30:24,STABLE BEAMS,6500,196871.622,193293.271,27.2,PXL
284037:5451,110:110,10/26/16 15:30:24,STABLE BEAMS,6500,182068.266,178758.983,25.2,PXL
284037:5451,111:111,10/26/16 15:30:48,STABLE BEAMS,6500,199811.986,195835.547,27.6,PXL
284037:5451,111:111,10/26/16 15:30:48,STABLE BEAMS,6500,184784.148,181106.777,25.6,PXL
284037:5451,112:112,10/26/16 15:31:11,STABLE BEAMS,6500,205461.687,200601.044,28.4,PXL
284037:5451,112:112,10/26/16 15:31:11,STABLE BEAMS,6500,190016.651,185521.394,26.3,PXL
284037:5451,113:113,10/26/16 15:31:34,STABLE BEAMS,6500,191991.733,187809.754,26.5,PXL
284037:5451,113:113,10/26/16 15:31:34,STABLE BEAMS,6500,207607.065,203084.951,28.7,PXL
284037:5451,114:114,10/26/16 15:31:57,STABLE BEAMS,6500,207555.091,203297.716,28.7,PXL
284037:5451,114:114,10/26/16 15:31:57,STABLE BEAMS,6500,191937.840,188000.807,26.5,PXL
284037:5451,115:115,10/26/16 15:32:21,STABLE BEAMS,6500,192186.275,188255.290,26.6,PXL
284037:5451,115:115,10/26/16 15:32:21,STABLE BEAMS,6500,207817.343,203566.639,28.7,PXL
284037:5451,116:116,10/26/16 15:32:44,STABLE BEAMS,6500,192051.273,188107.639,26.6,PXL
284037:5451,116:116,10/26/16 15:32:44,STABLE BEAMS,6500,207661.112,203396.941,28.7,PXL
284037:5451,117:117,10/26/16 15:33:07,STABLE BEAMS,6500,191857.907,187919.598,26.5,PXL
284037:5451,117:117,10/26/16 15:33:07,STABLE BEAMS,6500,207461.355,203202.751,28.7,PXL
284037:5451,118:118,10/26/16 15:33:31,STABLE BEAMS,6500,208126.710,203511.154,28.8,PXL
284037:5451,118:118,10/26/16 15:33:31,STABLE BEAMS,6500,192457.934,188189.859,26.6,PXL
284037:5451,119:119,10/26/16 15:33:54,STABLE BEAMS,6500,207338.361,202594.425,28.7,PXL
284037:5451,119:119,10/26/16 15:33:54,STABLE BEAMS,6500,191744.490,187357.344,26.5,PXL
284037:5451,120:120,10/26/16 15:34:17,STABLE BEAMS,6500,207659.843,202835.986,28.7,PXL
284037:5451,120:120,10/26/16 15:34:17,STABLE BEAMS,6500,192031.699,187570.878,26.6,PXL
284037:5451,121:121,10/26/16 15:34:41,STABLE BEAMS,6500,191570.047,173565.379,26.5,PXL
284037:5451,121:121,10/26/16 15:34:41,STABLE BEAMS,6500,207162.494,187692.374,28.6,PXL
284037:5451,122:122,10/26/16 15:35:04,STABLE BEAMS,6500,207435.098,202175.706,28.7,PXL
284037:5451,122:122,10/26/16 15:35:04,STABLE BEAMS,6500,191817.692,186954.271,26.5,PXL
284037:5451,123:123,10/26/16 15:35:27,STABLE BEAMS,6500,207038.881,201689.391,28.6,PXL
284037:5451,123:123,10/26/16 15:35:27,STABLE BEAMS,6500,191449.451,186502.762,26.5,PXL
284037:5451,124:124,10/26/16 15:35:51,STABLE BEAMS,6500,192076.648,187639.816,26.6,PXL
284037:5451,124:124,10/26/16 15:35:51,STABLE BEAMS,6500,207711.910,202913.913,28.7,PXL
284037:5451,125:125,10/26/16 15:36:14,STABLE BEAMS,6500,207380.540,202402.681,28.7,PXL
284037:5451,125:125,10/26/16 15:36:14,STABLE BEAMS,6500,191761.402,187158.457,26.5,PXL
284037:5451,126:126,10/26/16 15:36:37,STABLE BEAMS,6500,207021.087,202244.816,28.6,PXL
284037:5451,126:126,10/26/16 15:36:37,STABLE BEAMS,6500,191437.784,187021.042,26.5,PXL
284037:5451,127:127,10/26/16 15:37:00,STABLE BEAMS,6500,192240.879,187777.215,26.6,PXL
284037:5451,127:127,10/26/16 15:37:00,STABLE BEAMS,6500,207901.918,203074.618,28.7,PXL
284037:5451,128:128,10/26/16 15:37:24,STABLE BEAMS,6500,191545.956,186910.761,26.5,PXL
284037:5451,128:128,10/26/16 15:37:24,STABLE BEAMS,6500,207152.097,202139.251,28.6,PXL
284037:5451,129:129,10/26/16 15:37:47,STABLE BEAMS,6500,191388.456,186948.142,26.5,PXL
284037:5451,129:129,10/26/16 15:37:47,STABLE BEAMS,6500,206980.068,202178.020,28.6,PXL
284037:5451,130:130,10/26/16 15:38:10,STABLE BEAMS,6500,191336.126,186681.505,26.5,PXL
284037:5451,130:130,10/26/16 15:38:10,STABLE BEAMS,6500,206917.959,201884.279,28.6,PXL
284037:5451,131:131,10/26/16 15:38:34,STABLE BEAMS,6500,191583.184,187193.177,26.5,PXL
284037:5451,131:131,10/26/16 15:38:34,STABLE BEAMS,6500,207181.418,202433.987,28.6,PXL
284037:5451,132:132,10/26/16 15:38:57,STABLE BEAMS,6500,191114.924,183681.383,26.4,PXL
284037:5451,132:132,10/26/16 15:38:57,STABLE BEAMS,6500,206688.943,198649.640,28.6,PXL
284037:5451,133:133,10/26/16 15:39:20,STABLE BEAMS,6500,191489.680,187178.952,26.5,PXL
284037:5451,133:133,10/26/16 15:39:20,STABLE BEAMS,6500,207078.662,202417.002,28.6,PXL
284037:5451,134:134,10/26/16 15:39:44,STABLE BEAMS,6500,190892.098,186796.559,26.4,PXL
284037:5451,134:134,10/26/16 15:39:44,STABLE BEAMS,6500,206441.190,202012.050,28.5,PXL
284037:5451,135:135,10/26/16 15:40:07,STABLE BEAMS,6500,191264.192,187415.902,26.4,PXL
284037:5451,135:135,10/26/16 15:40:07,STABLE BEAMS,6500,206836.478,202674.869,28.6,PXL
284037:5451,136:136,10/26/16 15:40:30,STABLE BEAMS,6500,191326.378,187479.991,26.5,PXL
284037:5451,136:136,10/26/16 15:40:30,STABLE BEAMS,6500,206894.394,202735.030,28.6,PXL
284037:5451,137:137,10/26/16 15:40:54,STABLE BEAMS,6500,206004.062,201882.650,28.5,PXL
284037:5451,137:137,10/26/16 15:40:54,STABLE BEAMS,6500,190476.029,186665.277,26.3,PXL
284037:5451,138:138,10/26/16 15:41:17,STABLE BEAMS,6500,191188.963,187086.220,26.4,PXL
284037:5451,138:138,10/26/16 15:41:17,STABLE BEAMS,6500,206756.390,202319.585,28.6,PXL
284037:5451,139:139,10/26/16 15:41:40,STABLE BEAMS,6500,190695.452,186861.731,26.4,PXL
284037:5451,139:139,10/26/16 15:41:40,STABLE BEAMS,6500,206217.265,202071.495,28.5,PXL
284037:5451,140:140,10/26/16 15:42:04,STABLE BEAMS,6500,190531.376,186469.918,26.3,PXL
284037:5451,140:140,10/26/16 15:42:04,STABLE BEAMS,6500,206023.821,201632.119,28.5,PXL
284037:5451,141:141,10/26/16 15:42:27,STABLE BEAMS,6500,190160.952,186338.486,26.3,PXL
284037:5451,141:141,10/26/16 15:42:27,STABLE BEAMS,6500,205655.409,201521.486,28.4,PXL
284037:5451,142:142,10/26/16 15:42:50,STABLE BEAMS,6500,206058.017,201776.962,28.5,PXL
284037:5451,142:142,10/26/16 15:42:50,STABLE BEAMS,6500,190549.123,186590.281,26.3,PXL
284037:5451,143:143,10/26/16 15:43:14,STABLE BEAMS,6500,190652.839,186387.220,26.4,PXL
284037:5451,143:143,10/26/16 15:43:14,STABLE BEAMS,6500,206160.417,201547.835,28.5,PXL
284037:5451,144:144,10/26/16 15:43:37,STABLE BEAMS,6500,190092.237,185612.477,26.3,PXL
284037:5451,144:144,10/26/16 15:43:37,STABLE BEAMS,6500,205571.855,200727.299,28.4,PXL
284037:5451,145:145,10/26/16 15:44:00,STABLE BEAMS,6500,205586.756,200980.407,28.4,PXL
284037:5451,145:145,10/26/16 15:44:00,STABLE BEAMS,6500,190119.284,185859.497,26.3,PXL
284037:5451,146:146,10/26/16 15:44:23,STABLE BEAMS,6500,190364.453,186096.352,26.3,PXL
284037:5451,146:146,10/26/16 15:44:23,STABLE BEAMS,6500,205840.513,201225.428,28.5,PXL
284037:5451,147:147,10/26/16 15:44:47,STABLE BEAMS,6500,190089.993,184537.947,26.3,PXL
284037:5451,147:147,10/26/16 15:44:47,STABLE BEAMS,6500,205568.652,199564.514,28.4,PXL
284037:5451,148:148,10/26/16 15:45:10,STABLE BEAMS,6500,206021.701,196246.975,28.5,PXL
284037:5451,148:148,10/26/16 15:45:10,STABLE BEAMS,6500,190518.069,181478.915,26.3,PXL
284037:5451,149:149,10/26/16 15:45:33,STABLE BEAMS,6500,189263.178,181219.602,26.2,PXL
284037:5451,149:149,10/26/16 15:45:33,STABLE BEAMS,6500,204670.723,195972.335,28.3,PXL
284037:5451,150:150,10/26/16 15:45:57,STABLE BEAMS,6500,205758.088,196250.379,28.5,PXL
284037:5451,150:150,10/26/16 15:45:57,STABLE BEAMS,6500,190269.728,181477.707,26.3,PXL
284037:5451,151:151,10/26/16 15:46:20,STABLE BEAMS,6500,205477.315,198190.333,28.4,PXL
284037:5451,151:151,10/26/16 15:46:20,STABLE BEAMS,6500,190004.722,183266.455,26.3,PXL
284037:5451,152:152,10/26/16 15:46:43,STABLE BEAMS,6500,204921.339,195802.471,28.3,PXL
284037:5451,152:152,10/26/16 15:46:43,STABLE BEAMS,6500,189498.832,181066.255,26.2,PXL
284037:5451,153:153,10/26/16 15:47:07,STABLE BEAMS,6500,205417.110,198775.733,28.4,PXL
284037:5451,153:153,10/26/16 15:47:07,STABLE BEAMS,6500,189943.758,183802.653,26.3,PXL
284037:5451,154:154,10/26/16 15:47:30,STABLE BEAMS,6500,204994.078,191165.443,28.3,PXL
284037:5451,154:154,10/26/16 15:47:30,STABLE BEAMS,6500,189556.036,176768.831,26.2,PXL
284037:5451,155:155,10/26/16 15:47:53,STABLE BEAMS,6500,190223.417,178636.646,26.3,PXL
284037:5451,155:155,10/26/16 15:47:53,STABLE BEAMS,6500,205700.575,193171.069,28.4,PXL
284037:5451,156:156,10/26/16 15:48:17,STABLE BEAMS,6500,205438.199,163190.850,28.4,PXL
284037:5451,156:156,10/26/16 15:48:17,STABLE BEAMS,6500,189964.445,150899.197,26.3,PXL
284037:5451,157:157,10/26/16 15:48:40,STABLE BEAMS,6500,189669.221,182094.286,26.2,PXL
284037:5451,157:157,10/26/16 15:48:40,STABLE BEAMS,6500,205112.199,196920.509,28.4,PXL
284037:5451,158:158,10/26/16 15:49:03,STABLE BEAMS,6500,189763.374,181768.493,26.2,PXL
284037:5451,158:158,10/26/16 15:49:03,STABLE BEAMS,6500,205216.827,196570.881,28.4,PXL
284037:5451,159:159,10/26/16 15:49:26,STABLE BEAMS,6500,189413.792,181189.575,26.2,PXL
284037:5451,159:159,10/26/16 15:49:26,STABLE BEAMS,6500,204854.496,195959.854,28.3,PXL
284037:5451,160:160,10/26/16 15:49:50,STABLE BEAMS,6500,205058.600,197712.945,28.4,PXL
284037:5451,160:160,10/26/16 15:49:50,STABLE BEAMS,6500,189623.653,182830.912,26.2,PXL
284037:5451,161:161,10/26/16 15:50:13,STABLE BEAMS,6500,204389.826,196406.370,28.3,PXL
284037:5451,161:161,10/26/16 15:50:13,STABLE BEAMS,6500,188999.085,181616.790,26.1,PXL
284037:5451,162:162,10/26/16 15:50:36,STABLE BEAMS,6500,188645.635,180867.770,26.1,PXL
284037:5451,162:162,10/26/16 15:50:36,STABLE BEAMS,6500,203990.143,195579.624,28.2,PXL
284037:5451,163:163,10/26/16 15:51:00,STABLE BEAMS,6500,204286.792,194524.728,28.2,PXL
284037:5451,163:163,10/26/16 15:51:00,STABLE BEAMS,6500,188922.122,179894.276,26.1,PXL
284037:5451,164:164,10/26/16 15:51:23,STABLE BEAMS,6500,204287.442,196792.537,28.2,PXL
284037:5451,164:164,10/26/16 15:51:23,STABLE BEAMS,6500,188911.137,181980.358,26.1,PXL
284037:5451,165:165,10/26/16 15:51:46,STABLE BEAMS,6500,205022.873,197030.202,28.3,PXL
284037:5451,165:165,10/26/16 15:51:46,STABLE BEAMS,6500,189586.332,182195.443,26.2,PXL
284037:5451,166:166,10/26/16 15:52:10,STABLE BEAMS,6500,204259.482,196089.422,28.2,PXL
284037:5451,166:166,10/26/16 15:52:10,STABLE BEAMS,6500,188872.748,181318.133,26.1,PXL
284037:5451,167:167,10/26/16 15:52:33,STABLE BEAMS,6500,204161.894,192022.227,28.2,PXL
284037:5451,167:167,10/26/16 15:52:33,STABLE BEAMS,6500,188790.540,177564.869,26.1,PXL
284037:5451,168:168,10/26/16 15:52:56,STABLE BEAMS,6500,204829.786,197606.088,28.3,PXL
284037:5451,168:168,10/26/16 15:52:56,STABLE BEAMS,6500,189396.323,182716.915,26.2,PXL
284037:5451,169:169,10/26/16 15:53:20,STABLE BEAMS,6500,204139.334,195749.571,28.2,PXL
284037:5451,169:169,10/26/16 15:53:20,STABLE BEAMS,6500,188760.538,181002.816,26.1,PXL
284037:5451,170:170,10/26/16 15:53:43,STABLE BEAMS,6500,203730.042,195376.705,28.2,PXL
284037:5451,170:170,10/26/16 15:53:43,STABLE BEAMS,6500,188388.335,180664.038,26.0,PXL
284037:5451,171:171,10/26/16 15:54:06,STABLE BEAMS,6500,203850.082,196173.955,28.2,PXL
284037:5451,171:171,10/26/16 15:54:06,STABLE BEAMS,6500,188490.875,181393.110,26.1,PXL
284037:5451,172:172,10/26/16 15:54:30,STABLE BEAMS,6500,203879.604,186220.298,28.2,PXL
284037:5451,172:172,10/26/16 15:54:30,STABLE BEAMS,6500,188525.859,172196.438,26.1,PXL
284037:5451,173:173,10/26/16 15:54:53,STABLE BEAMS,6500,203167.181,178348.947,28.1,PXL
284037:5451,173:173,10/26/16 15:54:53,STABLE BEAMS,6500,187860.381,164911.975,26.0,PXL
284037:5451,174:174,10/26/16 15:55:16,STABLE BEAMS,6500,203460.596,194242.004,28.1,PXL
284037:5451,174:174,10/26/16 15:55:16,STABLE BEAMS,6500,188143.831,179619.226,26.0,PXL
284037:5451,175:175,10/26/16 15:55:39,STABLE BEAMS,6500,203919.881,198651.290,28.2,PXL
284037:5451,175:175,10/26/16 15:55:39,STABLE BEAMS,6500,188570.266,183698.258,26.1,PXL
284037:5451,176:176,10/26/16 15:56:03,STABLE BEAMS,6500,203574.075,199623.078,28.1,PXL
284037:5451,176:176,10/26/16 15:56:03,STABLE BEAMS,6500,188245.674,184592.173,26.0,PXL
284037:5451,177:177,10/26/16 15:56:26,STABLE BEAMS,6500,203169.641,199000.413,28.1,PXL
284037:5451,177:177,10/26/16 15:56:26,STABLE BEAMS,6500,187873.378,184018.043,26.0,PXL
284037:5451,178:178,10/26/16 15:56:49,STABLE BEAMS,6500,203026.795,198371.509,28.1,PXL
284037:5451,178:178,10/26/16 15:56:49,STABLE BEAMS,6500,187733.518,183428.898,26.0,PXL
284037:5451,179:179,10/26/16 15:57:13,STABLE BEAMS,6500,203465.377,199521.491,28.1,PXL
284037:5451,179:179,10/26/16 15:57:13,STABLE BEAMS,6500,188151.335,184504.291,26.0,PXL
284037:5451,180:180,10/26/16 15:57:36,STABLE BEAMS,6500,203403.067,199216.472,28.1,PXL
284037:5451,180:180,10/26/16 15:57:36,STABLE BEAMS,6500,188083.455,184212.180,26.0,PXL
284037:5451,181:181,10/26/16 15:57:59,STABLE BEAMS,6500,203259.648,198851.297,28.1,PXL
284037:5451,181:181,10/26/16 15:57:59,STABLE BEAMS,6500,187959.331,183882.817,26.0,PXL
284037:5451,182:182,10/26/16 15:58:23,STABLE BEAMS,6500,203104.980,199195.125,28.1,PXL
284037:5451,182:182,10/26/16 15:58:23,STABLE BEAMS,6500,187814.380,184198.875,26.0,PXL
284037:5451,183:183,10/26/16 15:58:46,STABLE BEAMS,6500,202721.992,198310.398,28.0,PXL
284037:5451,183:183,10/26/16 15:58:46,STABLE BEAMS,6500,187448.536,183369.319,25.9,PXL
284037:5451,184:184,10/26/16 15:59:09,STABLE BEAMS,6500,202939.806,199043.662,28.1,PXL
284037:5451,184:184,10/26/16 15:59:09,STABLE BEAMS,6500,187655.704,184052.993,25.9,PXL
284037:5451,185:185,10/26/16 15:59:33,STABLE BEAMS,6500,202752.056,198339.921,28.0,PXL
284037:5451,185:185,10/26/16 15:59:33,STABLE BEAMS,6500,187467.460,183387.936,25.9,PXL
284037:5451,186:186,10/26/16 15:59:56,STABLE BEAMS,6500,203097.553,174331.664,28.1,PXL
284037:5451,186:186,10/26/16 15:59:56,STABLE BEAMS,6500,187798.551,161199.549,26.0,PXL
284037:5451,187:187,10/26/16 16:00:19,STABLE BEAMS,6500,202957.151,198636.187,28.1,PXL
284037:5451,187:187,10/26/16 16:00:19,STABLE BEAMS,6500,187669.166,183673.683,26.0,PXL
284037:5451,188:188,10/26/16 16:00:42,STABLE BEAMS,6500,202286.149,197524.326,28.0,PXL
284037:5451,188:188,10/26/16 16:00:42,STABLE BEAMS,6500,187055.104,182651.821,25.9,PXL
284037:5451,189:189,10/26/16 16:01:06,STABLE BEAMS,6500,202242.639,197949.536,28.0,PXL
284037:5451,189:189,10/26/16 16:01:06,STABLE BEAMS,6500,187026.046,183055.953,25.9,PXL
284037:5451,190:190,10/26/16 16:01:29,STABLE BEAMS,6500,202692.485,198361.749,28.0,PXL
284037:5451,190:190,10/26/16 16:01:29,STABLE BEAMS,6500,187428.622,183424.015,25.9,PXL
284037:5451,191:191,10/26/16 16:01:52,STABLE BEAMS,6500,202671.953,198021.922,28.0,PXL
284037:5451,191:191,10/26/16 16:01:52,STABLE BEAMS,6500,187409.714,183109.855,25.9,PXL
284037:5451,192:192,10/26/16 16:02:16,STABLE BEAMS,6500,202718.851,198139.276,28.0,PXL
284037:5451,192:192,10/26/16 16:02:16,STABLE BEAMS,6500,187454.710,183219.964,25.9,PXL
284037:5451,193:193,10/26/16 16:02:39,STABLE BEAMS,6500,202198.912,197659.050,28.0,PXL
284037:5451,193:193,10/26/16 16:02:39,STABLE BEAMS,6500,186968.486,182770.585,25.9,PXL
284037:5451,194:194,10/26/16 16:03:02,STABLE BEAMS,6500,202096.156,195066.984,27.9,PXL
284037:5451,194:194,10/26/16 16:03:02,STABLE BEAMS,6500,186870.202,180370.609,25.8,PXL
284037:5451,195:195,10/26/16 16:03:26,STABLE BEAMS,6500,202633.580,195571.205,28.0,PXL
284037:5451,195:195,10/26/16 16:03:26,STABLE BEAMS,6500,187384.230,180853.340,25.9,PXL
284037:5451,196:196,10/26/16 16:03:49,STABLE BEAMS,6500,202266.173,197784.268,28.0,PXL
284037:5451,196:196,10/26/16 16:03:49,STABLE BEAMS,6500,187033.504,182889.131,25.9,PXL
284037:5451,197:197,10/26/16 16:04:12,STABLE BEAMS,6500,202040.376,197833.568,27.9,PXL
284037:5451,197:197,10/26/16 16:04:12,STABLE BEAMS,6500,186836.440,182946.203,25.8,PXL
284037:5451,198:198,10/26/16 16:04:36,STABLE BEAMS,6500,202152.926,197667.966,28.0,PXL
284037:5451,198:198,10/26/16 16:04:36,STABLE BEAMS,6500,186939.753,182792.312,25.8,PXL
284037:5451,199:199,10/26/16 16:04:59,STABLE BEAMS,6500,201976.751,197711.788,27.9,PXL
284037:5451,199:199,10/26/16 16:04:59,STABLE BEAMS,6500,186766.053,182822.282,25.8,PXL
284037:5451,200:200,10/26/16 16:05:22,STABLE BEAMS,6500,202284.865,197824.668,28.0,PXL
284037:5451,200:200,10/26/16 16:05:22,STABLE BEAMS,6500,187063.754,182939.169,25.9,PXL
284037:5451,201:201,10/26/16 16:05:46,STABLE BEAMS,6500,202039.246,197820.606,27.9,PXL
284037:5451,201:201,10/26/16 16:05:46,STABLE BEAMS,6500,186835.573,182934.390,25.8,PXL
284037:5451,202:202,10/26/16 16:06:09,STABLE BEAMS,6500,201680.288,197195.558,27.9,PXL
284037:5451,202:202,10/26/16 16:06:09,STABLE BEAMS,6500,186495.694,182348.621,25.8,PXL
284037:5451,203:203,10/26/16 16:06:32,STABLE BEAMS,6500,201494.225,197292.513,27.9,PXL
284037:5451,203:203,10/26/16 16:06:32,STABLE BEAMS,6500,186330.953,182445.436,25.8,PXL
284037:5451,204:204,10/26/16 16:06:55,STABLE BEAMS,6500,201584.541,197764.084,27.9,PXL
284037:5451,204:204,10/26/16 16:06:55,STABLE BEAMS,6500,186409.463,182876.605,25.8,PXL
284037:5451,205:205,10/26/16 16:07:19,STABLE BEAMS,6500,201711.466,197909.185,27.9,PXL
284037:5451,205:205,10/26/16 16:07:19,STABLE BEAMS,6500,186535.800,183019.581,25.8,PXL
284037:5451,206:206,10/26/16 16:07:42,STABLE BEAMS,6500,201297.409,197490.271,27.8,PXL
284037:5451,206:206,10/26/16 16:07:42,STABLE BEAMS,6500,186143.451,182622.920,25.7,PXL
284037:5451,207:207,10/26/16 16:08:05,STABLE BEAMS,6500,201418.083,197346.125,27.9,PXL
284037:5451,207:207,10/26/16 16:08:05,STABLE BEAMS,6500,186253.000,182487.626,25.8,PXL
284037:5451,208:208,10/26/16 16:08:29,STABLE BEAMS,6500,201618.071,173806.327,27.9,PXL
284037:5451,208:208,10/26/16 16:08:29,STABLE BEAMS,6500,186430.212,160713.522,25.8,PXL
284037:5451,209:209,10/26/16 16:08:52,STABLE BEAMS,6500,201315.868,197288.246,27.8,PXL
284037:5451,209:209,10/26/16 16:08:52,STABLE BEAMS,6500,186157.732,182433.372,25.7,PXL
284037:5451,210:210,10/26/16 16:09:15,STABLE BEAMS,6500,201305.378,197260.912,27.8,PXL
284037:5451,210:210,10/26/16 16:09:15,STABLE BEAMS,6500,186152.673,182412.644,25.7,PXL
284037:5451,211:211,10/26/16 16:09:39,STABLE BEAMS,6500,201229.668,197194.719,27.8,PXL
284037:5451,211:211,10/26/16 16:09:39,STABLE BEAMS,6500,186096.428,182364.923,25.7,PXL
284037:5451,212:212,10/26/16 16:10:02,STABLE BEAMS,6500,200434.372,196429.069,27.7,PXL
284037:5451,212:212,10/26/16 16:10:02,STABLE BEAMS,6500,185358.367,181654.329,25.6,PXL
284037:5451,213:213,10/26/16 16:10:25,STABLE BEAMS,6500,200880.334,197098.552,27.8,PXL
284037:5451,213:213,10/26/16 16:10:25,STABLE BEAMS,6500,185756.904,182259.836,25.7,PXL
284037:5451,214:214,10/26/16 16:10:49,STABLE BEAMS,6500,200730.757,196969.383,27.8,PXL
284037:5451,214:214,10/26/16 16:10:49,STABLE BEAMS,6500,185623.713,182145.421,25.7,PXL
284037:5451,215:215,10/26/16 16:11:12,STABLE BEAMS,6500,201078.033,196798.702,27.8,PXL
284037:5451,215:215,10/26/16 16:11:12,STABLE BEAMS,6500,185937.041,181979.940,25.7,PXL
284037:5451,216:216,10/26/16 16:11:35,STABLE BEAMS,6500,200753.456,196989.632,27.8,PXL
284037:5451,216:216,10/26/16 16:11:35,STABLE BEAMS,6500,185642.714,182162.193,25.7,PXL
284037:5451,217:217,10/26/16 16:11:58,STABLE BEAMS,6500,200999.399,196520.333,27.8,PXL
284037:5451,217:217,10/26/16 16:11:58,STABLE BEAMS,6500,185870.074,181728.149,25.7,PXL
284037:5451,218:218,10/26/16 16:12:22,STABLE BEAMS,6500,199839.497,195855.083,27.6,PXL
284037:5451,218:218,10/26/16 16:12:22,STABLE BEAMS,6500,184800.797,181116.226,25.6,PXL
284037:5451,219:219,10/26/16 16:12:45,STABLE BEAMS,6500,200837.861,197076.505,27.8,PXL
284037:5451,219:219,10/26/16 16:12:45,STABLE BEAMS,6500,185714.478,182236.357,25.7,PXL
284037:5451,220:220,10/26/16 16:13:08,STABLE BEAMS,6500,200823.053,196821.551,27.8,PXL
284037:5451,220:220,10/26/16 16:13:08,STABLE BEAMS,6500,185702.192,182001.981,25.7,PXL
284037:5451,221:221,10/26/16 16:13:32,STABLE BEAMS,6500,200241.300,196495.885,27.7,PXL
284037:5451,221:221,10/26/16 16:13:32,STABLE BEAMS,6500,185175.166,181711.556,25.6,PXL
284037:5451,222:222,10/26/16 16:13:55,STABLE BEAMS,6500,200381.454,195962.581,27.7,PXL
284037:5451,222:222,10/26/16 16:13:55,STABLE BEAMS,6500,185294.664,181208.489,25.6,PXL
284037:5451,223:223,10/26/16 16:14:18,STABLE BEAMS,6500,200268.780,196541.434,27.7,PXL
284037:5451,223:223,10/26/16 16:14:18,STABLE BEAMS,6500,185198.778,181751.911,25.6,PXL
284037:5451,224:224,10/26/16 16:14:42,STABLE BEAMS,6500,199922.510,196211.526,27.6,PXL
284037:5451,224:224,10/26/16 16:14:42,STABLE BEAMS,6500,184874.232,181442.576,25.6,PXL
284037:5451,225:225,10/26/16 16:15:05,STABLE BEAMS,6500,199892.894,196180.025,27.6,PXL
284037:5451,225:225,10/26/16 16:15:05,STABLE BEAMS,6500,184845.328,181411.957,25.6,PXL
284037:5451,226:226,10/26/16 16:15:28,STABLE BEAMS,6500,199549.548,195123.079,27.6,PXL
284037:5451,226:226,10/26/16 16:15:28,STABLE BEAMS,6500,184528.596,180435.326,25.5,PXL
284037:5451,227:227,10/26/16 16:15:52,STABLE BEAMS,6500,200138.141,196435.599,27.7,PXL
284037:5451,227:227,10/26/16 16:15:52,STABLE BEAMS,6500,185075.489,181651.605,25.6,PXL
284037:5451,228:228,10/26/16 16:16:15,STABLE BEAMS,6500,199643.330,195937.765,27.6,PXL
284037:5451,228:228,10/26/16 16:16:15,STABLE BEAMS,6500,184616.405,181189.754,25.5,PXL
284037:5451,229:229,10/26/16 16:16:38,STABLE BEAMS,6500,199675.916,193199.557,27.6,PXL
284037:5451,229:229,10/26/16 16:16:38,STABLE BEAMS,6500,184641.673,178652.939,25.5,PXL
284037:5451,230:230,10/26/16 16:17:02,STABLE BEAMS,6500,199977.114,196263.455,27.7,PXL
284037:5451,230:230,10/26/16 16:17:02,STABLE BEAMS,6500,184916.535,181482.558,25.6,PXL
284037:5451,231:231,10/26/16 16:17:25,STABLE BEAMS,6500,199691.637,187001.449,27.6,PXL
284037:5451,231:231,10/26/16 16:17:25,STABLE BEAMS,6500,184668.518,172933.033,25.5,PXL
284037:5451,232:232,10/26/16 16:17:48,STABLE BEAMS,6500,199116.459,180448.008,27.5,PXL
284037:5451,232:232,10/26/16 16:17:48,STABLE BEAMS,6500,184146.955,166881.991,25.5,PXL
284037:5451,233:233,10/26/16 16:18:12,STABLE BEAMS,6500,199855.774,192903.011,27.6,PXL
284037:5451,233:233,10/26/16 16:18:12,STABLE BEAMS,6500,184826.049,178396.154,25.6,PXL
284037:5451,234:234,10/26/16 16:18:35,STABLE BEAMS,6500,199315.659,195652.917,27.6,PXL
284037:5451,234:234,10/26/16 16:18:35,STABLE BEAMS,6500,184314.574,180927.501,25.5,PXL
284037:5451,235:235,10/26/16 16:18:58,STABLE BEAMS,6500,199337.243,195513.188,27.6,PXL
284037:5451,235:235,10/26/16 16:18:58,STABLE BEAMS,6500,184343.075,180806.665,25.5,PXL
284037:5451,236:236,10/26/16 16:19:21,STABLE BEAMS,6500,199566.120,195593.926,27.6,PXL
284037:5451,236:236,10/26/16 16:19:21,STABLE BEAMS,6500,184546.870,180873.621,25.5,PXL
284037:5451,237:237,10/26/16 16:19:45,STABLE BEAMS,6500,199580.402,192809.833,27.6,PXL
284037:5451,237:237,10/26/16 16:19:45,STABLE BEAMS,6500,184552.548,178291.785,25.5,PXL
284037:5451,238:238,10/26/16 16:20:08,STABLE BEAMS,6500,199701.648,195401.401,27.6,PXL
284037:5451,238:238,10/26/16 16:20:08,STABLE BEAMS,6500,184685.864,180708.957,25.5,PXL
284037:5451,239:239,10/26/16 16:20:31,STABLE BEAMS,6500,198897.919,194656.463,27.5,PXL
284037:5451,239:239,10/26/16 16:20:31,STABLE BEAMS,6500,183943.717,180021.156,25.4,PXL
284037:5451,240:240,10/26/16 16:20:55,STABLE BEAMS,6500,199296.580,195254.533,27.6,PXL
284037:5451,240:240,10/26/16 16:20:55,STABLE BEAMS,6500,184292.030,180554.298,25.5,PXL
284037:5451,241:241,10/26/16 16:21:18,STABLE BEAMS,6500,199605.406,195602.110,27.6,PXL
284037:5451,241:241,10/26/16 16:21:18,STABLE BEAMS,6500,184555.040,180853.594,25.5,PXL
284037:5451,242:242,10/26/16 16:21:41,STABLE BEAMS,6500,198625.625,194677.917,27.5,PXL
284037:5451,242:242,10/26/16 16:21:41,STABLE BEAMS,6500,183665.806,180015.427,25.4,PXL
284037:5451,243:243,10/26/16 16:22:05,STABLE BEAMS,6500,198856.761,170965.592,27.5,PXL
284037:5451,243:243,10/26/16 16:22:05,STABLE BEAMS,6500,183864.604,158076.199,25.4,PXL
284037:5451,244:244,10/26/16 16:22:28,STABLE BEAMS,6500,199014.399,194805.644,27.5,PXL
284037:5451,244:244,10/26/16 16:22:28,STABLE BEAMS,6500,184026.497,180134.706,25.4,PXL
284037:5451,245:245,10/26/16 16:22:51,STABLE BEAMS,6500,198910.653,194916.324,27.5,PXL
284037:5451,245:245,10/26/16 16:22:51,STABLE BEAMS,6500,183922.627,180229.273,25.4,PXL
284037:5451,246:246,10/26/16 16:23:15,STABLE BEAMS,6500,183637.475,175409.913,25.4,PXL
284037:5451,246:246,10/26/16 16:23:15,STABLE BEAMS,6500,198603.622,189705.527,27.5,PXL
284037:5451,247:247,10/26/16 16:23:38,STABLE BEAMS,6500,198898.955,194385.918,27.5,PXL
284037:5451,247:247,10/26/16 16:23:38,STABLE BEAMS,6500,183916.407,179743.326,25.4,PXL
284037:5451,248:248,10/26/16 16:24:01,STABLE BEAMS,6500,198739.506,194295.993,27.5,PXL
284037:5451,248:248,10/26/16 16:24:01,STABLE BEAMS,6500,183754.064,179645.603,25.4,PXL
284037:5451,249:249,10/26/16 16:24:24,STABLE BEAMS,6500,198204.311,193778.370,27.4,PXL
284037:5451,249:249,10/26/16 16:24:24,STABLE BEAMS,6500,183259.749,179167.523,25.3,PXL
284037:5451,250:250,10/26/16 16:24:48,STABLE BEAMS,6500,198781.747,194980.029,27.5,PXL
284037:5451,250:250,10/26/16 16:24:48,STABLE BEAMS,6500,183802.820,180287.575,25.4,PXL
284037:5451,251:251,10/26/16 16:25:11,STABLE BEAMS,6500,198142.465,194531.348,27.4,PXL
284037:5451,251:251,10/26/16 16:25:11,STABLE BEAMS,6500,183215.357,179876.284,25.3,PXL
284037:5451,252:252,10/26/16 16:25:34,STABLE BEAMS,6500,197994.187,194139.756,27.4,PXL
284037:5451,252:252,10/26/16 16:25:34,STABLE BEAMS,6500,183072.866,179508.914,25.3,PXL
284037:5451,253:253,10/26/16 16:25:58,STABLE BEAMS,6500,198028.770,191462.144,27.4,PXL
284037:5451,253:253,10/26/16 16:25:58,STABLE BEAMS,6500,183109.939,177038.022,25.3,PXL
284037:5451,254:254,10/26/16 16:26:21,STABLE BEAMS,6500,198023.215,194451.876,27.4,PXL
284037:5451,254:254,10/26/16 16:26:21,STABLE BEAMS,6500,183105.715,179803.412,25.3,PXL
284037:5451,255:255,10/26/16 16:26:44,STABLE BEAMS,6500,198020.538,194443.932,27.4,PXL
284037:5451,255:255,10/26/16 16:26:44,STABLE BEAMS,6500,183111.780,179804.454,25.3,PXL
284037:5451,256:256,10/26/16 16:27:08,STABLE BEAMS,6500,198185.960,194620.035,27.4,PXL
284037:5451,256:256,10/26/16 16:27:08,STABLE BEAMS,6500,183254.225,179956.964,25.3,PXL
284037:5451,257:257,10/26/16 16:27:31,STABLE BEAMS,6500,197950.554,194133.383,27.4,PXL
284037:5451,257:257,10/26/16 16:27:31,STABLE BEAMS,6500,183025.132,179495.774,25.3,PXL
284037:5451,258:258,10/26/16 16:27:54,STABLE BEAMS,6500,182476.521,177629.618,25.2,PXL
284037:5451,258:258,10/26/16 16:27:54,STABLE BEAMS,6500,197358.232,192116.044,27.3,PXL
284037:5451,259:259,10/26/16 16:28:18,STABLE BEAMS,6500,197713.275,192672.706,27.3,PXL
284037:5451,259:259,10/26/16 16:28:18,STABLE BEAMS,6500,182810.011,178149.391,25.3,PXL
284037:5451,260:260,10/26/16 16:28:41,STABLE BEAMS,6500,197483.362,191781.683,27.3,PXL
284037:5451,260:260,10/26/16 16:28:41,STABLE BEAMS,6500,182581.443,177310.008,25.2,PXL
284037:5451,261:261,10/26/16 16:29:04,STABLE BEAMS,6500,182627.042,175111.624,25.3,PXL
284037:5451,261:261,10/26/16 16:29:04,STABLE BEAMS,6500,197508.103,189380.303,27.3,PXL
284037:5451,262:262,10/26/16 16:29:28,STABLE BEAMS,6500,197291.033,191829.484,27.3,PXL
284037:5451,262:262,10/26/16 16:29:28,STABLE BEAMS,6500,182415.944,177366.178,25.2,PXL
284037:5451,263:263,10/26/16 16:29:51,STABLE BEAMS,6500,197331.433,191801.180,27.3,PXL
284037:5451,263:263,10/26/16 16:29:51,STABLE BEAMS,6500,182454.549,177341.225,25.2,PXL
284037:5451,264:264,10/26/16 16:30:14,STABLE BEAMS,6500,182210.633,177159.150,25.2,PXL
284037:5451,264:264,10/26/16 16:30:14,STABLE BEAMS,6500,197070.991,191607.529,27.3,PXL
284037:5451,265:265,10/26/16 16:30:37,STABLE BEAMS,6500,197298.970,190851.587,27.3,PXL
284037:5451,265:265,10/26/16 16:30:37,STABLE BEAMS,6500,182430.736,176469.221,25.2,PXL
284037:5451,266:266,10/26/16 16:31:01,STABLE BEAMS,6500,196762.320,191331.098,27.2,PXL
284037:5451,266:266,10/26/16 16:31:01,STABLE BEAMS,6500,181928.854,176907.079,25.2,PXL
284037:5451,267:267,10/26/16 16:31:24,STABLE BEAMS,6500,182175.478,176931.861,25.2,PXL
284037:5451,267:267,10/26/16 16:31:24,STABLE BEAMS,6500,197044.285,191372.694,27.2,PXL
284037:5451,268:268,10/26/16 16:31:47,STABLE BEAMS,6500,182241.084,177055.127,25.2,PXL
284037:5451,268:268,10/26/16 16:31:47,STABLE BEAMS,6500,197095.748,191487.078,27.3,PXL
284037:5451,269:269,10/26/16 16:32:11,STABLE BEAMS,6500,181996.703,177026.657,25.2,PXL
284037:5451,269:269,10/26/16 16:32:11,STABLE BEAMS,6500,196837.859,191462.524,27.2,PXL
284037:5451,270:270,10/26/16 16:32:34,STABLE BEAMS,6500,196541.335,190455.618,27.2,PXL
284037:5451,270:270,10/26/16 16:32:34,STABLE BEAMS,6500,181722.414,176095.551,25.1,PXL
284037:5451,271:271,10/26/16 16:32:57,STABLE BEAMS,6500,196307.847,190760.305,27.1,PXL
284037:5451,271:271,10/26/16 16:32:57,STABLE BEAMS,6500,181511.857,176382.441,25.1,PXL
284037:5451,272:272,10/26/16 16:33:21,STABLE BEAMS,6500,196610.669,191287.331,27.2,PXL
284037:5451,272:272,10/26/16 16:33:21,STABLE BEAMS,6500,181799.392,176877.076,25.1,PXL
284037:5451,273:273,10/26/16 16:33:44,STABLE BEAMS,6500,196171.871,190847.404,27.1,PXL
284037:5451,273:273,10/26/16 16:33:44,STABLE BEAMS,6500,181382.302,176459.251,25.1,PXL
284037:5451,274:274,10/26/16 16:34:07,STABLE BEAMS,6500,196685.621,191400.361,27.2,PXL
284037:5451,274:274,10/26/16 16:34:07,STABLE BEAMS,6500,181850.855,176964.229,25.1,PXL
284037:5451,275:275,10/26/16 16:34:31,STABLE BEAMS,6500,196874.546,191306.741,27.2,PXL
284037:5451,275:275,10/26/16 16:34:31,STABLE BEAMS,6500,182031.177,176883.158,25.2,PXL
284037:5451,276:276,10/26/16 16:34:54,STABLE BEAMS,6500,196531.123,190630.716,27.2,PXL
284037:5451,276:276,10/26/16 16:34:54,STABLE BEAMS,6500,181702.980,176247.754,25.1,PXL
284037:5451,277:277,10/26/16 16:35:17,STABLE BEAMS,6500,196596.372,191001.359,27.2,PXL
284037:5451,277:277,10/26/16 16:35:17,STABLE BEAMS,6500,181780.468,176607.107,25.1,PXL
284037:5451,278:278,10/26/16 16:35:40,STABLE BEAMS,6500,196329.541,190321.889,27.1,PXL
284037:5451,278:278,10/26/16 16:35:40,STABLE BEAMS,6500,181526.278,175971.604,25.1,PXL
284037:5451,279:279,10/26/16 16:36:04,STABLE BEAMS,6500,196571.074,191238.265,27.2,PXL
284037:5451,279:279,10/26/16 16:36:04,STABLE BEAMS,6500,181744.246,176813.676,25.1,PXL
284037:5451,280:280,10/26/16 16:36:27,STABLE BEAMS,6500,196085.562,190307.790,27.1,PXL
284037:5451,280:280,10/26/16 16:36:27,STABLE BEAMS,6500,181310.120,175967.714,25.1,PXL
284037:5451,281:281,10/26/16 16:36:50,STABLE BEAMS,6500,196733.247,191371.225,27.2,PXL
284037:5451,281:281,10/26/16 16:36:50,STABLE BEAMS,6500,181902.860,176945.045,25.2,PXL
284037:5451,282:282,10/26/16 16:37:14,STABLE BEAMS,6500,181280.830,171406.037,25.1,PXL
284037:5451,282:282,10/26/16 16:37:14,STABLE BEAMS,6500,196068.434,185388.126,27.1,PXL
284037:5451,283:283,10/26/16 16:37:37,STABLE BEAMS,6500,181604.154,175805.248,25.1,PXL
284037:5451,283:283,10/26/16 16:37:37,STABLE BEAMS,6500,196410.836,190139.130,27.2,PXL
284037:5451,284:284,10/26/16 16:38:00,STABLE BEAMS,6500,181066.421,175993.819,25.0,PXL
284037:5451,284:284,10/26/16 16:38:00,STABLE BEAMS,6500,195840.625,190354.122,27.1,PXL
284037:5451,285:285,10/26/16 16:38:24,STABLE BEAMS,6500,195392.867,188839.184,27.0,PXL
284037:5451,285:285,10/26/16 16:38:24,STABLE BEAMS,6500,180650.429,174591.223,25.0,PXL
284037:5451,286:286,10/26/16 16:38:47,STABLE BEAMS,6500,195689.237,189863.793,27.1,PXL
284037:5451,286:286,10/26/16 16:38:47,STABLE BEAMS,6500,180939.604,175553.240,25.0,PXL
284037:5451,287:287,10/26/16 16:39:10,STABLE BEAMS,6500,180895.042,174857.718,25.0,PXL
284037:5451,287:287,10/26/16 16:39:10,STABLE BEAMS,6500,195651.328,189121.518,27.1,PXL
284037:5451,288:288,10/26/16 16:39:34,STABLE BEAMS,6500,195259.537,189608.651,27.0,PXL
284037:5451,288:288,10/26/16 16:39:34,STABLE BEAMS,6500,180522.297,175297.913,25.0,PXL
284037:5451,289:289,10/26/16 16:39:57,STABLE BEAMS,6500,195411.977,190164.288,27.0,PXL
284037:5451,289:289,10/26/16 16:39:57,STABLE BEAMS,6500,180663.086,175811.471,25.0,PXL
284037:5451,290:290,10/26/16 16:40:20,STABLE BEAMS,6500,180913.919,175595.255,25.0,PXL
284037:5451,290:290,10/26/16 16:40:20,STABLE BEAMS,6500,195665.084,189912.753,27.1,PXL
284037:5451,291:291,10/26/16 16:40:44,STABLE BEAMS,6500,195361.148,190147.758,27.0,PXL
284037:5451,291:291,10/26/16 16:40:44,STABLE BEAMS,6500,180621.479,175801.430,25.0,PXL
284037:5451,292:292,10/26/16 16:41:07,STABLE BEAMS,6500,195035.580,189605.076,27.0,PXL
284037:5451,292:292,10/26/16 16:41:07,STABLE BEAMS,6500,180318.812,175298.076,24.9,PXL
284037:5451,293:293,10/26/16 16:41:30,STABLE BEAMS,6500,194958.092,190472.941,27.0,PXL
284037:5451,293:293,10/26/16 16:41:30,STABLE BEAMS,6500,180261.361,176114.318,24.9,PXL
284037:5451,294:294,10/26/16 16:41:53,STABLE BEAMS,6500,195062.890,190571.704,27.0,PXL
284037:5451,294:294,10/26/16 16:41:53,STABLE BEAMS,6500,180360.806,176208.125,24.9,PXL
284037:5451,295:295,10/26/16 16:42:17,STABLE BEAMS,6500,195489.125,190772.875,27.0,PXL
284037:5451,295:295,10/26/16 16:42:17,STABLE BEAMS,6500,180755.939,176395.134,25.0,PXL
284037:5451,296:296,10/26/16 16:42:40,STABLE BEAMS,6500,195026.312,190545.155,27.0,PXL
284037:5451,296:296,10/26/16 16:42:40,STABLE BEAMS,6500,180321.040,176177.769,24.9,PXL
284037:5451,297:297,10/26/16 16:43:03,STABLE BEAMS,6500,195281.462,190589.817,27.0,PXL
284037:5451,297:297,10/26/16 16:43:03,STABLE BEAMS,6500,180573.977,176235.680,25.0,PXL
284037:5451,298:298,10/26/16 16:43:27,STABLE BEAMS,6500,195090.602,190149.220,27.0,PXL
284037:5451,298:298,10/26/16 16:43:27,STABLE BEAMS,6500,180389.415,175820.394,24.9,PXL
284037:5451,299:299,10/26/16 16:43:50,STABLE BEAMS,6500,194868.271,189912.803,26.9,PXL
284037:5451,299:299,10/26/16 16:43:50,STABLE BEAMS,6500,180192.722,175610.451,24.9,PXL
284037:5451,300:300,10/26/16 16:44:13,STABLE BEAMS,6500,194983.251,190272.836,27.0,PXL
284037:5451,300:300,10/26/16 16:44:13,STABLE BEAMS,6500,180288.021,175932.614,24.9,PXL
284037:5451,301:301,10/26/16 16:44:37,STABLE BEAMS,6500,194977.789,190528.396,27.0,PXL
284037:5451,301:301,10/26/16 16:44:37,STABLE BEAMS,6500,180293.049,176178.763,24.9,PXL
284037:5451,302:302,10/26/16 16:45:00,STABLE BEAMS,6500,194536.081,189540.495,26.9,PXL
284037:5451,302:302,10/26/16 16:45:00,STABLE BEAMS,6500,179875.588,175256.476,24.9,PXL
284037:5451,303:303,10/26/16 16:45:23,STABLE BEAMS,6500,179927.948,174562.978,24.9,PXL
284037:5451,303:303,10/26/16 16:45:23,STABLE BEAMS,6500,194593.161,188790.913,26.9,PXL
284037:5451,304:304,10/26/16 16:45:47,STABLE BEAMS,6500,194645.429,189299.595,26.9,PXL
284037:5451,304:304,10/26/16 16:45:47,STABLE BEAMS,6500,179976.271,175033.318,24.9,PXL
284037:5451,305:305,10/26/16 16:46:10,STABLE BEAMS,6500,194344.835,189276.306,26.9,PXL
284037:5451,305:305,10/26/16 16:46:10,STABLE BEAMS,6500,179704.673,175017.961,24.8,PXL
284037:5451,306:306,10/26/16 16:46:33,STABLE BEAMS,6500,179524.784,174634.402,24.8,PXL
284037:5451,306:306,10/26/16 16:46:33,STABLE BEAMS,6500,194159.902,188870.849,26.8,PXL
284037:5451,307:307,10/26/16 16:46:57,STABLE BEAMS,6500,194371.557,188288.935,26.9,PXL
284037:5451,307:307,10/26/16 16:46:57,STABLE BEAMS,6500,179715.876,174091.885,24.9,PXL
284037:5451,308:308,10/26/16 16:47:20,STABLE BEAMS,6500,180106.986,175408.268,24.9,PXL
284037:5451,308:308,10/26/16 16:47:20,STABLE BEAMS,6500,194789.204,189707.449,26.9,PXL
284037:5451,309:309,10/26/16 16:47:43,STABLE BEAMS,6500,179869.631,169006.661,24.9,PXL
284037:5451,309:309,10/26/16 16:47:43,STABLE BEAMS,6500,194543.709,182794.520,26.9,PXL
284037:5451,310:310,10/26/16 16:48:06,STABLE BEAMS,6500,193982.303,186299.479,26.8,PXL
284037:5451,310:310,10/26/16 16:48:06,STABLE BEAMS,6500,179351.951,172248.574,24.8,PXL
284037:5451,311:311,10/26/16 16:48:30,STABLE BEAMS,6500,178974.502,171685.322,24.7,PXL
284037:5451,311:311,10/26/16 16:48:30,STABLE BEAMS,6500,193576.338,185692.462,26.8,PXL
284037:5451,312:312,10/26/16 16:48:53,STABLE BEAMS,6500,178885.502,174048.921,24.7,PXL
284037:5451,312:312,10/26/16 16:48:53,STABLE BEAMS,6500,193467.191,188236.361,26.8,PXL
284037:5451,313:313,10/26/16 16:49:16,STABLE BEAMS,6500,193929.803,188651.755,26.8,PXL
284037:5451,313:313,10/26/16 16:49:16,STABLE BEAMS,6500,179303.892,174423.907,24.8,PXL
284037:5451,314:314,10/26/16 16:49:40,STABLE BEAMS,6500,194235.425,189208.133,26.9,PXL
284037:5451,314:314,10/26/16 16:49:40,STABLE BEAMS,6500,179594.258,174945.915,24.8,PXL
284037:5451,315:315,10/26/16 16:50:03,STABLE BEAMS,6500,179542.470,174462.422,24.8,PXL
284037:5451,315:315,10/26/16 16:50:03,STABLE BEAMS,6500,194188.836,188694.378,26.9,PXL
284037:5451,316:316,10/26/16 16:50:26,STABLE BEAMS,6500,179303.783,174479.676,24.8,PXL
284037:5451,316:316,10/26/16 16:50:26,STABLE BEAMS,6500,193936.843,188719.039,26.8,PXL
284037:5451,317:317,10/26/16 16:50:50,STABLE BEAMS,6500,193500.597,183034.290,26.8,PXL
284037:5451,317:317,10/26/16 16:50:50,STABLE BEAMS,6500,178922.745,169244.943,24.7,PXL
284037:5451,318:318,10/26/16 16:51:13,STABLE BEAMS,6500,193860.051,188604.823,26.8,PXL
284037:5451,318:318,10/26/16 16:51:13,STABLE BEAMS,6500,179246.688,174387.604,24.8,PXL
284037:5451,319:319,10/26/16 16:51:36,STABLE BEAMS,6500,179349.692,174696.093,24.8,PXL
284037:5451,319:319,10/26/16 16:51:36,STABLE BEAMS,6500,193974.427,188941.360,26.8,PXL
284037:5451,320:320,10/26/16 16:52:00,STABLE BEAMS,6500,179345.468,174686.122,24.8,PXL
284037:5451,320:320,10/26/16 16:52:00,STABLE BEAMS,6500,193964.787,188925.636,26.8,PXL
284037:5451,321:321,10/26/16 16:52:23,STABLE BEAMS,6500,193278.281,188749.954,26.7,PXL
284037:5451,321:321,10/26/16 16:52:23,STABLE BEAMS,6500,178715.484,174528.350,24.7,PXL
284037:5451,322:322,10/26/16 16:52:46,STABLE BEAMS,6500,179100.561,175108.850,24.8,PXL
284037:5451,322:322,10/26/16 16:52:46,STABLE BEAMS,6500,193712.314,189394.944,26.8,PXL
284037:5451,323:323,10/26/16 16:53:09,STABLE BEAMS,6500,178636.959,173990.047,24.7,PXL
284037:5451,323:323,10/26/16 16:53:09,STABLE BEAMS,6500,193207.941,188181.992,26.7,PXL
284037:5451,324:324,10/26/16 16:53:33,STABLE BEAMS,6500,179077.939,174685.304,24.8,PXL
284037:5451,324:324,10/26/16 16:53:33,STABLE BEAMS,6500,193686.536,188935.564,26.8,PXL
284037:5451,325:325,10/26/16 16:53:56,STABLE BEAMS,6500,178743.026,174792.348,24.7,PXL
284037:5451,325:325,10/26/16 16:53:56,STABLE BEAMS,6500,193319.393,189046.540,26.7,PXL
284037:5451,326:326,10/26/16 16:54:19,STABLE BEAMS,6500,178488.233,174547.999,24.7,PXL
284037:5451,326:326,10/26/16 16:54:19,STABLE BEAMS,6500,193038.295,188776.860,26.7,PXL
284037:5451,327:327,10/26/16 16:54:43,STABLE BEAMS,6500,178182.672,174249.144,24.6,PXL
284037:5451,327:327,10/26/16 16:54:43,STABLE BEAMS,6500,192714.306,188459.981,26.6,PXL
284037:5451,328:328,10/26/16 16:55:06,STABLE BEAMS,6500,193106.407,188847.657,26.7,PXL
284037:5451,328:328,10/26/16 16:55:06,STABLE BEAMS,6500,178545.405,174607.782,24.7,PXL
284037:5451,329:329,10/26/16 16:55:29,STABLE BEAMS,6500,178355.567,174423.987,24.7,PXL
284037:5451,329:329,10/26/16 16:55:29,STABLE BEAMS,6500,192893.422,188641.376,26.7,PXL
284037:5451,330:330,10/26/16 16:55:53,STABLE BEAMS,6500,178101.609,173749.051,24.6,PXL
284037:5451,330:330,10/26/16 16:55:53,STABLE BEAMS,6500,192633.367,187925.673,26.6,PXL
284037:5451,331:331,10/26/16 16:56:16,STABLE BEAMS,6500,178494.236,174350.761,24.7,PXL
284037:5451,331:331,10/26/16 16:56:16,STABLE BEAMS,6500,193046.326,188565.046,26.7,PXL
284037:5451,332:332,10/26/16 16:56:39,STABLE BEAMS,6500,178070.694,174158.529,24.6,PXL
284037:5451,332:332,10/26/16 16:56:39,STABLE BEAMS,6500,192587.443,188356.349,26.6,PXL
284037:5451,333:333,10/26/16 16:57:03,STABLE BEAMS,6500,178250.242,173441.135,24.6,PXL
284037:5451,333:333,10/26/16 16:57:03,STABLE BEAMS,6500,192798.820,187597.198,26.7,PXL
284037:5451,334:334,10/26/16 16:57:26,STABLE BEAMS,6500,178125.623,173970.235,24.6,PXL
284037:5451,334:334,10/26/16 16:57:26,STABLE BEAMS,6500,192636.121,188142.226,26.6,PXL
284037:5451,335:335,10/26/16 16:57:49,STABLE BEAMS,6500,192392.174,187934.955,26.6,PXL
284037:5451,335:335,10/26/16 16:57:49,STABLE BEAMS,6500,177875.765,173754.853,24.6,PXL
284037:5451,336:336,10/26/16 16:58:13,STABLE BEAMS,6500,192359.309,187155.709,26.6,PXL
284037:5451,336:336,10/26/16 16:58:13,STABLE BEAMS,6500,177861.576,173050.161,24.6,PXL
284037:5451,337:337,10/26/16 16:58:36,STABLE BEAMS,6500,177952.527,174050.290,24.6,PXL
284037:5451,337:337,10/26/16 16:58:36,STABLE BEAMS,6500,192466.243,188245.742,26.6,PXL
284037:5451,338:338,10/26/16 16:58:59,STABLE BEAMS,6500,177205.336,173337.220,24.5,PXL
284037:5451,338:338,10/26/16 16:58:59,STABLE BEAMS,6500,191651.822,187468.362,26.5,PXL
284037:5451,339:339,10/26/16 16:59:22,STABLE BEAMS,6500,178035.725,173706.039,24.6,PXL
284037:5451,339:339,10/26/16 16:59:22,STABLE BEAMS,6500,192550.060,187867.398,26.6,PXL
284037:5451,340:340,10/26/16 16:59:46,STABLE BEAMS,6500,177685.911,159725.914,24.6,PXL
284037:5451,340:340,10/26/16 16:59:46,STABLE BEAMS,6500,192179.977,172754.960,26.6,PXL
